date_generated,id,icpsr,bioname,congress,chamber,cqlabel,state,state_abbrev,district_code,party_code,party_noun,dim1,dim2,geo_mean_probability,number_of_errors,number_of_votes,log_likelihood
2017-02-02 23:34:42,MH05602359,2359,"DAVENPORT, Samuel Arza",56,House,(PA-00),Pennsylvania,PA,99,200,,0.366,-0.205,0.865,10,117,-16.92545
2017-02-02 23:34:42,MH05603863,3863,"GROW, Galusha Aaron",56,House,(PA-00),Pennsylvania,PA,99,200,,0.239,-0.971,0.805,7,102,-22.10813
2017-02-02 23:34:42,MH05600353,353,"BAILEY, Willis Joshua",56,House,(KS-00),Kansas,KS,99,200,,0.353,-0.502,0.735,15,106,-32.68411
2017-02-02 23:34:42,MH05605065,5065,"JONES, Wesley Livsey",56,House,(WA-00),Washington,WA,98,200,,0.319,0.391,0.718,17,134,-44.35878
2017-02-02 23:34:42,MH05602279,2279,"CUSHMAN, Francis Wellington",56,House,(WA-00),Washington,WA,98,200,,0.339,0.275,0.663,18,107,-43.89456
2017-02-02 23:34:42,MH05603447,3447,"GAMBLE, Robert Jackson",56,House,(SD-00),South Dakota,SD,98,200,,0.391,0.346,0.947,0,64,-3.49933
2017-02-02 23:34:42,MH05601261,1261,"BURKE, Charles Henry",56,House,(SD-00),South Dakota,SD,98,200,,0.468,0.144,0.908,4,114,-10.95599
2017-02-02 23:34:42,MH05609691,9691,"VREELAND, Edward Butterfield",56,House,(NY-34),New York,NY,34,200,,0.544,-0.412,0.911,3,108,-10.05531
2017-02-02 23:34:42,MH05600079,79,"ALEXANDER, De Alva Stanwood",56,House,(NY-33),New York,NY,33,200,,0.485,-0.446,0.918,2,108,-9.24451
2017-02-02 23:34:42,MH05608160,8160,"RYAN, William Henry",56,House,(NY-32),New York,NY,32,100,,-0.301,-0.583,0.846,6,120,-20.03321
2017-02-02 23:34:42,MH05607039,7039,"O'GRADY, James Mary Early",56,House,(NY-31),New York,NY,31,200,,0.529,0.198,0.89,5,94,-10.92613
2017-02-02 23:34:42,MH05609704,9704,"WADSWORTH, James Wolcott",56,House,(NY-30),New York,NY,30,200,,0.422,-0.574,0.857,5,70,-10.83975
2017-02-02 23:34:42,MH05603597,3597,"GILLET, Charles William",56,House,(NY-29),New York,NY,29,200,,0.564,-0.435,0.937,0,80,-5.18493
2017-02-02 23:34:42,MH05603941,3941,"HALL, James Knox Polk",56,House,(PA-28),Pennsylvania,PA,28,100,,-0.104,-0.493,0.703,15,75,-26.41554
2017-02-02 23:34:42,MH05607273,7273,"PAYNE, Sereno Elisha",56,House,(NY-28),New York,NY,28,200,,0.518,-0.163,0.913,5,130,-11.79009
2017-02-02 23:34:42,MH05698500,98500,"SIBLEY, Joseph Crocker",56,House,(PA-27),Pennsylvania,PA,27,100,,0.021,0.196,0.6,26,102,-52.1169
2017-02-02 23:34:42,MH05602731,2731,"DRISCOLL, Michael Edward",56,House,(NY-27),New York,NY,27,200,,0.455,0.329,0.672,9,77,-30.633
2017-02-02 23:34:42,MH05603503,3503,"GASTON, Athelston",56,House,(PA-26),Pennsylvania,PA,26,100,,-0.211,-0.404,0.729,13,83,-26.2837
2017-02-02 23:34:42,MH05607748,7748,"RAY, George Washington",56,House,(NY-26),New York,NY,26,200,,0.488,-0.113,0.876,6,121,-16.07663
2017-02-02 23:34:42,MH05608491,8491,"SHOWALTER, Joseph Baltzell",56,House,(PA-25),Pennsylvania,PA,25,200,,0.362,-0.32,0.873,8,98,-13.36385
2017-02-02 23:34:42,MH05608453,8453,"SHERMAN, James Schoolcraft",56,House,(NY-25),New York,NY,25,200,,0.408,-0.439,0.81,6,75,-15.76826
2017-02-02 23:34:42,MH05601689,1689,"CHICKERING, Charles Addison",56,House,(NY-24),New York,NY,24,200,,0.544,-0.3,,,,
2017-02-02 23:34:42,MH05600014,14,"ACHESON, Ernest Francis",56,House,(PA-24),Pennsylvania,PA,24,200,,0.455,-0.005,0.785,8,68,-16.4931
2017-02-02 23:34:42,MH05608414,8414,"SHAW, Albert Duane",56,House,(NY-24),New York,NY,24,200,,0.529,0.212,0.91,1,29,-2.7223
2017-02-02 23:34:42,MH05603740,3740,"GRAHAM, William Harrison",56,House,(PA-23),Pennsylvania,PA,23,200,,0.529,-0.503,0.867,4,84,-11.98668
2017-02-02 23:34:42,MH05602960,2960,"EMERSON, Louis Woodard",56,House,(NY-23),New York,NY,23,200,,0.457,-0.367,0.896,4,87,-9.56345
2017-02-02 23:34:42,MH05602310,2310,"DALZELL, John",56,House,(PA-22),Pennsylvania,PA,22,200,,0.572,-0.314,0.884,7,128,-15.75883
2017-02-02 23:34:42,MH05605697,5697,"LITTAUER, Lucius Nathan",56,House,(NY-22),New York,NY,22,200,,0.557,0.042,0.875,5,65,-8.67701
2017-02-02 23:34:42,MH05608624,8624,"SMITH, George Washington",56,House,(IL-22),Illinois,IL,22,200,,0.399,0.354,0.922,2,61,-4.93177
2017-02-02 23:34:42,MH05604839,4839,"JACK, Summers Melville",56,House,(PA-21),Pennsylvania,PA,21,200,,0.271,-0.219,0.768,14,125,-33.05895
2017-02-02 23:34:42,MH05601322,1322,"BURTON, Theodore Elijah",56,House,(OH-21),Ohio,OH,21,200,,0.417,0.055,0.759,12,104,-28.73753
2017-02-02 23:34:42,MH05608942,8942,"STEWART, John Knox",56,House,(NY-21),New York,NY,21,200,,0.607,-0.466,0.911,2,77,-7.20364
2017-02-02 23:34:42,MH05608007,8007,"RODENBERG, William August",56,House,(IL-21),Illinois,IL,21,200,,0.377,-0.335,0.876,6,99,-13.13761
2017-02-02 23:34:42,MH05609365,9365,"THROPP, Joseph Earlston",56,House,(PA-20),Pennsylvania,PA,20,200,,0.309,0.019,0.872,6,87,-11.90694
2017-02-02 23:34:42,MH05607412,7412,"PHILLIPS, Fremont Orestes",56,House,(OH-20),Ohio,OH,20,200,,0.244,0.262,0.825,8,102,-19.66232
2017-02-02 23:34:42,MH05603638,3638,"GLYNN, Martin Henry",56,House,(NY-20),New York,NY,20,100,,-0.234,-0.595,0.793,11,107,-24.85573
2017-02-02 23:34:42,MH05610153,10153,"WILLIAMS, James Robert",56,House,(IL-20),Illinois,IL,20,100,,-0.335,0.44,0.88,6,125,-16.00039
2017-02-02 23:34:42,MH05610466,10466,"ZIEGLER, Edward Danner",56,House,(PA-19),Pennsylvania,PA,19,100,,-0.184,-0.103,0.8,7,86,-19.20911
2017-02-02 23:34:42,MH05602555,2555,"DICK, Charles William Frederick",56,House,(OH-19),Ohio,OH,19,200,,0.486,-0.373,0.914,3,99,-8.866
2017-02-02 23:34:42,MH05601884,1884,"COCHRANE, Aaron Van Schaick",56,House,(NY-19),New York,NY,19,200,,0.508,0.081,0.892,3,104,-11.85128
2017-02-02 23:34:42,MH05602210,2210,"CROWLEY, Joseph Burns",56,House,(IL-19),Illinois,IL,19,100,,-0.253,0.045,0.777,8,80,-20.19142
2017-02-02 23:34:42,MH05605925,5925,"MAHON, Thaddeus Maclay",56,House,(PA-18),Pennsylvania,PA,18,200,,0.445,-0.406,0.858,7,76,-11.68335
2017-02-02 23:34:42,MH05609195,9195,"TAYLER, Robert Walker",56,House,(OH-18),Ohio,OH,18,200,,0.475,-0.201,0.927,2,92,-6.93641
2017-02-02 23:34:42,MH05605219,5219,"KETCHAM, John Henry",56,House,(NY-18),New York,NY,18,200,,0.297,-0.083,0.861,6,81,-12.10986
2017-02-02 23:34:42,MH05604929,4929,"JETT, Thomas Marion",56,House,(IL-18),Illinois,IL,18,100,,-0.28,0.397,0.822,6,99,-19.40362
2017-02-02 23:34:42,MH05607508,7508,"POLK, Rufus King",56,House,(PA-17),Pennsylvania,PA,17,100,,-0.168,-0.384,0.762,9,67,-18.2445
2017-02-02 23:34:42,MH05606227,6227,"McDOWELL, John Anderson",56,House,(OH-17),Ohio,OH,17,100,,-0.308,0.234,0.769,14,85,-22.27486
2017-02-02 23:34:42,MH05609413,9413,"TOMPKINS, Arthur Sidney",56,House,(NY-17),New York,NY,17,200,,0.313,-0.082,0.875,2,57,-7.61955
2017-02-02 23:34:42,MH05601403,1403,"CALDWELL, Ben Franklin",56,House,(IL-17),Illinois,IL,17,100,,-0.256,0.335,0.859,5,116,-17.60234
2017-02-02 23:34:42,MH05602320,2320,"DANFORD, Lorenzo",56,House,(OH-16),Ohio,OH,16,200,,0.371,-0.167,,,,
2017-02-02 23:34:42,MH05607146,7146,"PACKER, Horace Billings",56,House,(PA-16),Pennsylvania,PA,16,200,,0.362,-0.152,0.796,9,86,-19.65405
2017-02-02 23:34:42,MH05603588,3588,"GILL, Joseph John",56,House,(OH-16),Ohio,OH,16,200,,0.314,0.608,0.783,13,90,-22.06243
2017-02-02 23:34:42,MH05609555,9555,"UNDERHILL, John Quincy",56,House,(NY-16),New York,NY,16,100,,-0.147,-0.989,0.761,5,52,-14.23648
2017-02-02 23:34:42,MH05610190,10190,"WILLIAMS, William Elza",56,House,(IL-16),Illinois,IL,16,100,,-0.302,0.019,0.806,10,92,-19.78478
2017-02-02 23:34:42,MH05610384,10384,"WRIGHT, Charles Frederick",56,House,(PA-15),Pennsylvania,PA,15,200,,0.528,-0.447,0.84,6,78,-13.59128
2017-02-02 23:34:42,MH05609638,9638,"VAN VOORHIS, Henry Clay",56,House,(OH-15),Ohio,OH,15,200,,0.566,0.001,0.89,7,105,-12.21555
2017-02-02 23:34:42,MH05608117,8117,"RUPPERT, Jacob, Jr.",56,House,(NY-15),New York,NY,15,100,,-0.242,-0.97,0.805,8,79,-17.14376
2017-02-02 23:34:42,MH05600657,657,"BENTON, Maecenas Eason",56,House,(MO-15),Missouri,MO,15,100,,-0.379,0.613,0.876,4,102,-13.55444
2017-02-02 23:34:42,MH05605992,5992,"MARSH, Benjamin Franklin",56,House,(IL-15),Illinois,IL,15,200,,0.377,0.778,0.883,4,95,-11.78228
2017-02-02 23:34:42,MH05607066,7066,"OLMSTED, Marlin Edgar",56,House,(PA-14),Pennsylvania,PA,14,200,,0.506,-0.282,0.908,5,102,-9.89558
2017-02-02 23:34:42,MH05605214,5214,"KERR, Winfield Scott",56,House,(OH-14),Ohio,OH,14,200,,0.308,-0.075,0.88,4,58,-7.44646
2017-02-02 23:34:42,MH05601646,1646,"CHANLER, William Astor",56,House,(NY-14),New York,NY,14,100,,-0.243,-0.48,0.773,6,48,-12.36591
2017-02-02 23:34:42,MH05609608,9608,"VANDIVER, Willard Duncan",56,House,(MO-14),Missouri,MO,14,100,,-0.416,0.91,0.884,5,90,-11.11517
2017-02-02 23:34:42,MH05603730,3730,"GRAFF, Joseph Verdi",56,House,(IL-14),Illinois,IL,14,200,,0.466,0.379,0.793,11,122,-28.30841
2017-02-02 23:34:42,MH05608889,8889,"STEPHENS, John Hall",56,House,(TX-13),Texas,TX,13,100,,-0.466,0.356,0.861,10,132,-19.69797
2017-02-02 23:34:42,MH05608156,8156,"RYAN, James Wilfrid",56,House,(PA-13),Pennsylvania,PA,13,100,,-0.25,-0.563,0.794,9,101,-23.242
2017-02-02 23:34:42,MH05606969,6969,"NORTON, James Albert",56,House,(OH-13),Ohio,OH,13,100,,-0.204,-0.066,0.697,16,75,-27.06606
2017-02-02 23:34:42,MH05605627,5627,"LEVY, Jefferson Monroe",56,House,(NY-13),New York,NY,13,100,,-0.279,-0.96,0.741,12,69,-20.72345
2017-02-02 23:34:42,MH05607939,7939,"ROBB, Edward",56,House,(MO-13),Missouri,MO,13,100,,-0.39,0.697,0.904,3,101,-10.1922
2017-02-02 23:34:42,MH05603794,3794,"GREENE, William Stedman",56,House,(MA-13),Massachusetts,MA,13,200,,0.44,-0.562,0.903,1,112,-11.47203
2017-02-02 23:34:42,MH05601023,1023,"BRICK, Abraham Lincoln",56,House,(IN-13),Indiana,IN,13,200,,0.661,0.529,0.865,6,116,-16.86391
2017-02-02 23:34:42,MH05609836,9836,"WARNER, Vespasian",56,House,(IL-13),Illinois,IL,13,200,,0.426,0.431,0.783,9,95,-23.2533
2017-02-02 23:34:42,MH05608570,8570,"SLAYDEN, James Luther",56,House,(TX-12),Texas,TX,12,100,,-0.398,0.018,0.686,13,93,-35.0601
2017-02-02 23:34:42,MH05602360,2360,"DAVENPORT, Stanley Woodward",56,House,(PA-12),Pennsylvania,PA,12,100,,-0.186,-0.377,0.801,9,102,-22.68932
2017-02-02 23:34:42,MH05605609,5609,"LENTZ, John Jacob",56,House,(OH-12),Ohio,OH,12,100,,-0.315,0.149,0.868,6,78,-11.03061
2017-02-02 23:34:42,MH05606150,6150,"McCLELLAN, George Brinton",56,House,(NY-12),New York,NY,12,100,,-0.273,-0.962,0.819,6,95,-18.98341
2017-02-02 23:34:42,MH05607280,7280,"PEARCE, Charles Edward",56,House,(MO-12),Missouri,MO,12,200,,0.406,-0.417,0.892,3,76,-8.65931
2017-02-02 23:34:42,MH05608431,8431,"SHELDEN, Carlos Douglas",56,House,(MI-12),Michigan,MI,12,200,,0.491,0.181,0.864,9,103,-15.03465
2017-02-02 23:34:42,MH05605800,5800,"LOVERING, William Croad",56,House,(MA-12),Massachusetts,MA,12,200,,0.472,-0.547,0.888,4,91,-10.81103
2017-02-02 23:34:42,MH05607977,7977,"ROBINSON, James McClellan",56,House,(IN-12),Indiana,IN,12,100,,-0.295,0.423,0.792,14,118,-27.45804
2017-02-02 23:34:42,MH05601483,1483,"CANNON, Joseph Gurney",56,House,(IL-12),Illinois,IL,12,200,,0.41,0.281,0.718,15,107,-35.51237
2017-02-02 23:34:42,MH05605315,5315,"KLEBERG, Rudolph",56,House,(TX-11),Texas,TX,11,100,,-0.497,0.054,0.833,12,124,-22.65498
2017-02-02 23:34:42,MH05601989,1989,"CONNELL, William",56,House,(PA-11),Pennsylvania,PA,11,200,,0.443,-0.896,0.909,4,72,-6.85224
2017-02-02 23:34:42,MH05603855,3855,"GROSVENOR, Charles Henry",56,House,(OH-11),Ohio,OH,11,200,,0.49,0.105,0.815,10,109,-22.35449
2017-02-02 23:34:42,MH05609080,9080,"SULZER, William",56,House,(NY-11),New York,NY,11,100,,-0.222,-0.454,0.795,11,87,-19.95437
2017-02-02 23:34:42,MH05605079,5079,"JOY, Charles Frederick",56,House,(MO-11),Missouri,MO,11,200,,0.357,-0.204,0.884,5,97,-11.95556
2017-02-02 23:34:42,MH05606439,6439,"MESICK, William Smith",56,House,(MI-11),Michigan,MI,11,200,,0.46,0.447,0.916,1,48,-4.22858
2017-02-02 23:34:42,MH05608801,8801,"SPRAGUE, Charles Franklin",56,House,(MA-11),Massachusetts,MA,11,200,,0.68,-0.25,0.882,5,73,-9.1363
2017-02-02 23:34:42,MH05600861,861,"BOREING, Vincent",56,House,(KY-11),Kentucky,KY,11,200,,0.436,0.531,0.854,3,61,-9.61114
2017-02-02 23:34:42,MH05609304,9304,"THOMAS, Lot",56,House,(IA-11),Iowa,IA,11,200,,0.324,0.193,0.813,8,105,-21.70573
2017-02-02 23:34:42,MH05608867,8867,"STEELE, George Washington",56,House,(IN-11),Indiana,IN,11,200,,0.436,0.474,0.859,9,128,-19.4116
2017-02-02 23:34:42,MH05607805,7805,"REEVES, Walter",56,House,(IL-11),Illinois,IL,11,200,,0.475,0.403,0.872,3,64,-8.77023
2017-02-02 23:34:42,MH05600979,979,"BRANTLEY, William Gordon",56,House,(GA-11),Georgia,GA,11,100,,-0.416,-0.386,0.809,9,104,-22.01151
2017-02-02 23:34:42,MH05604913,4913,"JENKINS, John James",56,House,(WI-10),Wisconsin,WI,10,200,,0.348,-0.105,0.802,8,84,-18.5748
2017-02-02 23:34:42,MH05607666,7666,"QUARLES, Julian Minor",56,House,(VA-10),Virginia,VA,10,100,,-0.496,0.713,0.891,6,103,-11.85842
2017-02-02 23:34:42,MH05604221,4221,"HAWLEY, Robert Bradley",56,House,(TX-10),Texas,TX,10,200,,0.402,-0.833,0.845,7,78,-13.13967
2017-02-02 23:34:42,MH05601513,1513,"CARMACK, Edward Ward",56,House,(TN-10),Tennessee,TN,10,100,,-0.475,-0.161,0.825,9,72,-13.87988
2017-02-02 23:34:42,MH05601089,1089,"BROSIUS, Marriott",56,House,(PA-10),Pennsylvania,PA,10,200,,0.469,-0.113,0.906,4,107,-10.58845
2017-02-02 23:34:42,MH05606684,6684,"MORGAN, Stephen",56,House,(OH-10),Ohio,OH,10,200,,0.461,0.157,0.895,6,89,-9.92038
2017-02-02 23:34:42,MH05602248,2248,"CUMMINGS, Amos Jay",56,House,(NY-10),New York,NY,10,100,,-0.189,-0.657,0.806,8,85,-18.32303
2017-02-02 23:34:42,MH05600482,482,"BARTHOLDT, Richard",56,House,(MO-10),Missouri,MO,10,200,,0.408,-0.429,0.804,8,91,-19.82911
2017-02-02 23:34:42,MH05602224,2224,"CRUMP, Rousseau Owen",56,House,(MI-10),Michigan,MI,10,200,,0.565,0.209,0.905,3,70,-6.99216
2017-02-02 23:34:42,MH05606841,6841,"NAPHEN, Henry Francis",56,House,(MA-10),Massachusetts,MA,10,100,,-0.206,-0.397,0.726,8,60,-19.25077
2017-02-02 23:34:42,MH05603195,3195,"FITZPATRICK, Thomas Young",56,House,(KY-10),Kentucky,KY,10,100,,-0.521,0.34,0.843,2,31,-5.29714
2017-02-02 23:34:42,MH05601992,1992,"CONNER, James Perry",56,House,(IA-10),Iowa,IA,10,200,,0.562,0.706,0.87,3,46,-6.42875
2017-02-02 23:34:42,MH05602648,2648,"DOLLIVER, Jonathan Prentiss",56,House,(IA-10),Iowa,IA,10,200,,0.312,0.547,0.819,8,125,-25.03464
2017-02-02 23:34:42,MH05602225,2225,"CRUMPACKER, Edgar Dean",56,House,(IN-10),Indiana,IN,10,200,,0.402,0.142,0.689,19,116,-43.23732
2017-02-02 23:34:42,MH05607624,7624,"PRINCE, George Washington",56,House,(IL-10),Illinois,IL,10,200,,0.347,0.305,0.863,5,82,-12.03794
2017-02-02 23:34:42,MH05603214,3214,"FLEMING, William Henry",56,House,(GA-10),Georgia,GA,10,100,,-0.334,0.019,0.643,14,92,-40.62614
2017-02-02 23:34:42,MH05602982,2982,"ERMENTROUT, Daniel",56,House,(PA-09),Pennsylvania,PA,9,100,,-0.243,-0.093,,,,
2017-02-02 23:34:42,MH05608926,8926,"STEWART, Alexander",56,House,(WI-09),Wisconsin,WI,9,200,,0.547,0.096,0.86,5,98,-14.8251
2017-02-02 23:34:42,MH05607840,7840,"RHEA, William Francis",56,House,(VA-09),Virginia,VA,9,100,,-0.341,0.097,0.824,10,101,-19.57522
2017-02-02 23:34:42,MH05601281,1281,"BURLESON, Albert Sidney",56,House,(TX-09),Texas,TX,9,100,,-0.474,-0.267,0.788,15,121,-28.84688
2017-02-02 23:34:42,MH05607439,7439,"PIERCE, Rice Alexander",56,House,(TN-09),Tennessee,TN,9,100,,-0.587,0.405,0.865,7,93,-13.5084
2017-02-02 23:34:42,MH05603777,3777,"GREEN, Henry Dickinson",56,House,(PA-09),Pennsylvania,PA,9,100,,-0.263,-0.332,0.76,16,100,-27.46151
2017-02-02 23:34:42,MH05608750,8750,"SOUTHARD, James Harding",56,House,(OH-09),Ohio,OH,9,200,,0.45,-0.044,0.866,4,92,-13.2091
2017-02-02 23:34:42,MH05607289,7289,"PEARSON, Richmond",56,House,(NC-09),North Carolina,NC,9,200,,0.307,0.149,0.863,1,41,-6.02563
2017-02-02 23:34:42,MH05602166,2166,"CRAWFORD, William Thomas",56,House,(NC-09),North Carolina,NC,9,100,,-0.416,0.573,0.722,6,39,-12.69308
2017-02-02 23:34:42,MH05600957,957,"BRADLEY, Thomas Joseph",56,House,(NY-09),New York,NY,9,100,,-0.285,-0.038,0.889,1,40,-4.71036
2017-02-02 23:34:42,MH05601769,1769,"CLARK, James Beauchamp (Champ)",56,House,(MO-09),Missouri,MO,9,100,,-0.442,0.383,0.848,7,117,-19.26106
2017-02-02 23:34:42,MH05600734,734,"BISHOP, Roswell Peter",56,House,(MI-09),Michigan,MI,9,200,,0.413,0.3,0.779,12,101,-25.24519
2017-02-02 23:34:42,MH05603182,3182,"FITZGERALD, John Francis",56,House,(MA-09),Massachusetts,MA,9,100,,-0.22,-0.588,0.686,13,85,-31.99018
2017-02-02 23:34:42,MH05607647,7647,"PUGH, Samuel Johnson",56,House,(KY-09),Kentucky,KY,9,200,,0.326,0.211,0.892,5,87,-9.93984
2017-02-02 23:34:42,MH05608692,8692,"SMITH, Walter Inglewood",56,House,(IA-09),Iowa,IA,9,200,,0.471,0.302,0.838,3,43,-7.59576
2017-02-02 23:34:42,MH05606376,6376,"McPHERSON, Smith",56,House,(IA-09),Iowa,IA,9,200,,0.453,-0.693,0.876,5,61,-8.08713
2017-02-02 23:34:42,MH05605432,5432,"LANDIS, Charles Beary",56,House,(IN-09),Indiana,IN,9,200,,0.448,0.289,0.895,6,96,-10.62916
2017-02-02 23:34:42,MH05604458,4458,"HITT, Robert Roberts",56,House,(IL-09),Illinois,IL,9,200,,0.454,0.308,0.799,7,98,-22.04449
2017-02-02 23:34:42,MH05609184,9184,"TATE, Farish Carter",56,House,(GA-09),Georgia,GA,9,100,,-0.483,0.376,0.743,11,67,-19.93652
2017-02-02 23:34:42,MH05609560,9560,"UNDERWOOD, Oscar Wilder",56,House,(AL-09),Alabama,AL,9,100,,-0.396,-0.636,0.741,12,115,-34.52097
2017-02-02 23:34:42,MH05600784,784,"BLAND, Richard Parks",56,House,(MO-08),Missouri,MO,8,100,,-0.439,0.203,,,,
2017-02-02 23:34:42,MH05609992,9992,"WHEELER, Joseph",56,House,(AL-08),Alabama,AL,8,100,,-0.421,-0.01,,,,
2017-02-02 23:34:42,MH05606547,6547,"MINOR, Edward Sloman",56,House,(WI-08),Wisconsin,WI,8,200,,0.367,0.365,0.843,8,110,-18.76548
2017-02-02 23:34:42,MH05607931,7931,"RIXEY, John Franklin",56,House,(VA-08),Virginia,VA,8,100,,-0.352,0.386,0.847,9,115,-19.07662
2017-02-02 23:34:42,MH05605460,5460,"LANHAM, Samuel Willis Tucker",56,House,(TX-08),Texas,TX,8,100,,-0.507,0.085,0.767,14,120,-31.80168
2017-02-02 23:34:42,MH05608537,8537,"SIMS, Thetus Willrette",56,House,(TN-08),Tennessee,TN,8,100,,-0.422,0.248,0.845,10,115,-19.37267
2017-02-02 23:34:42,MH05600416,416,"BARBER, Laird Howard",56,House,(PA-08),Pennsylvania,PA,8,100,,-0.19,-0.392,0.741,17,98,-29.40163
2017-02-02 23:34:42,MH05605845,5845,"LYBRAND, Archibald",56,House,(OH-08),Ohio,OH,8,200,,0.516,-0.14,0.881,8,110,-13.93465
2017-02-02 23:34:42,MH05605690,5690,"LINNEY, Romulus Zachariah",56,House,(NC-08),North Carolina,NC,8,200,,0.258,0.735,0.67,13,81,-32.40025
2017-02-02 23:34:42,MH05607911,7911,"RIORDAN, Daniel Joseph",56,House,(NY-08),New York,NY,8,100,,-0.365,-0.931,0.882,3,59,-7.42361
2017-02-02 23:34:42,MH05603322,3322,"FOWLER, Charles Newell",56,House,(NJ-08),New Jersey,NJ,8,200,,0.378,0.427,0.829,4,69,-12.89885
2017-02-02 23:34:42,MH05608390,8390,"SHACKLEFORD, Dorsey William",56,House,(MO-08),Missouri,MO,8,100,,-0.31,0.619,0.869,4,98,-13.72652
2017-02-02 23:34:42,MH05603275,3275,"FORDNEY, Joseph Warren",56,House,(MI-08),Michigan,MI,8,200,,0.46,-0.046,0.855,7,94,-14.76542
2017-02-02 23:34:42,MH05606130,6130,"McCALL, Samuel Walker",56,House,(MA-08),Massachusetts,MA,8,200,,0.346,-0.569,0.514,19,75,-49.96742
2017-02-02 23:34:42,MH05603574,3574,"GILBERT, George Gilmore",56,House,(KY-08),Kentucky,KY,8,100,,-0.368,0.803,0.896,3,91,-9.97249
2017-02-02 23:34:42,MH05604348,4348,"HEPBURN, William Peters",56,House,(IA-08),Iowa,IA,8,200,,0.512,0.55,0.889,8,125,-14.73035
2017-02-02 23:34:42,MH05602192,2192,"CROMER, George Washington",56,House,(IN-08),Indiana,IN,8,200,,0.504,0.48,0.869,7,113,-15.91989
2017-02-02 23:34:42,MH05604564,4564,"HOPKINS, Albert Jarvis",56,House,(IL-08),Illinois,IL,8,200,,0.444,0.466,0.865,8,104,-15.13868
2017-02-02 23:34:42,MH05604635,4635,"HOWARD, William Marcellus",56,House,(GA-08),Georgia,GA,8,100,,-0.343,-0.184,0.771,13,97,-25.19302
2017-02-02 23:34:42,MH05607882,7882,"RICHARDSON, William",56,House,(AL-08),Alabama,AL,8,100,,-0.392,-0.106,0.787,6,54,-12.91876
2017-02-02 23:34:42,MH05606212,6212,"McDERMOTT, Allan Langdon",56,House,(NJ-07),New Jersey,NJ,7,100,,-0.25,-0.968,,,,
2017-02-02 23:34:42,MH05608369,8369,"SETTLE, Evan Evans",56,House,(KY-07),Kentucky,KY,7,100,,-0.353,-0.356,,,,
2017-02-02 23:34:42,MH05602988,2988,"ESCH, John Jacob",56,House,(WI-07),Wisconsin,WI,7,200,,0.365,0.245,0.824,13,129,-25.01616
2017-02-02 23:34:42,MH05604225,4225,"HAY, James",56,House,(VA-07),Virginia,VA,7,100,,-0.397,-0.17,0.737,16,103,-31.39962
2017-02-02 23:34:42,MH05604341,4341,"HENRY, Robert Lee",56,House,(TX-07),Texas,TX,7,100,,-0.464,0.094,0.89,4,93,-10.83217
2017-02-02 23:34:42,MH05602117,2117,"COX, Nicholas Nichols",56,House,(TN-07),Tennessee,TN,7,100,,-0.566,0.411,0.826,8,67,-12.81502
2017-02-02 23:34:42,MH05608970,8970,"STOKES, James William",56,House,(SC-07),South Carolina,SC,7,100,,-0.399,0.302,0.858,5,76,-11.6488
2017-02-02 23:34:42,MH05609803,9803,"WANGER, Irving Price",56,House,(PA-07),Pennsylvania,PA,7,200,,0.396,-0.365,0.85,5,81,-13.12288
2017-02-02 23:34:42,MH05609896,9896,"WEAVER, Walter Lowrie",56,House,(OH-07),Ohio,OH,7,200,,0.387,0.071,0.86,9,106,-16.03858
2017-02-02 23:34:42,MH05605327,5327,"KLUTTZ, Theodore Franklin",56,House,(NC-07),North Carolina,NC,7,100,,-0.335,0.354,0.839,9,107,-18.74785
2017-02-02 23:34:42,MH05606789,6789,"MULLER, Nicholas",56,House,(NY-07),New York,NY,7,100,,-0.32,-0.737,0.805,7,64,-13.85135
2017-02-02 23:34:42,MH05602309,2309,"DALY, William Davis",56,House,(NJ-07),New Jersey,NJ,7,100,,-0.279,-0.461,0.809,6,49,-10.40903
2017-02-02 23:34:42,MH05602039,2039,"COONEY, James",56,House,(MO-07),Missouri,MO,7,100,,-0.441,0.793,0.857,5,78,-12.02191
2017-02-02 23:34:42,MH05604338,4338,"HENRY, Patrick",56,House,(MS-07),Mississippi,MS,7,100,,-0.483,0.483,0.864,8,122,-17.90259
2017-02-02 23:34:42,MH05602839,2839,"EDDY, Frank Marion",56,House,(MN-07),Minnesota,MN,7,200,,0.361,0.217,0.913,5,112,-10.16632
2017-02-02 23:34:42,MH05609908,9908,"WEEKS, Edgar",56,House,(MI-07),Michigan,MI,7,200,,0.492,0.692,0.922,3,86,-6.96877
2017-02-02 23:34:42,MH05607952,7952,"ROBERTS, Ernest William",56,House,(MA-07),Massachusetts,MA,7,200,,0.414,-0.49,0.868,4,97,-13.68374
2017-02-02 23:34:42,MH05603514,3514,"GAYLE, June Ward",56,House,(KY-07),Kentucky,KY,7,100,,-0.911,0.27,0.947,1,33,-1.79468
2017-02-02 23:34:42,MH05605754,5754,"LONG, Chester Isaiah",56,House,(KS-07),Kansas,KS,7,200,,0.574,0.136,0.848,11,124,-20.39641
2017-02-02 23:34:42,MH05604719,4719,"HULL, John Albert Tiffin",56,House,(IA-07),Iowa,IA,7,200,,0.555,0.364,0.906,3,96,-9.48911
2017-02-02 23:34:42,MH05607124,7124,"OVERSTREET, Jesse",56,House,(IN-07),Indiana,IN,7,200,,0.593,0.052,0.896,3,111,-12.24837
2017-02-02 23:34:42,MH05603297,3297,"FOSS, George Edmund",56,House,(IL-07),Illinois,IL,7,200,,0.473,-0.058,0.954,0,98,-4.57643
2017-02-02 23:34:42,MH05605901,5901,"MADDOX, John W.",56,House,(GA-07),Georgia,GA,7,100,,-0.557,0.191,0.883,8,122,-15.19737
2017-02-02 23:34:42,MH05606854,6854,"NEEDHAM, James Carson",56,House,(CA-07),California,CA,7,200,,0.384,-0.086,0.723,12,115,-37.33594
2017-02-02 23:34:42,MH05601291,1291,"BURNETT, John Lawson",56,House,(AL-07),Alabama,AL,7,100,,-0.411,0.189,0.853,6,75,-11.9654
2017-02-02 23:34:42,MH05603793,3793,"GREENE, William Laury",56,House,(NE-06),Nebraska,NE,6,340,,-0.221,0.975,,,,
2017-02-02 23:34:42,MH05602366,2366,"DAVIDSON, James Henry",56,House,(WI-06),Wisconsin,WI,6,200,,0.369,0.446,0.868,6,93,-13.21026
2017-02-02 23:34:42,MH05607107,7107,"OTEY, Peter Johnston",56,House,(VA-06),Virginia,VA,6,100,,-0.318,-0.229,0.688,23,92,-34.42679
2017-02-02 23:34:42,MH05601270,1270,"BURKE, Robert Emmet",56,House,(TX-06),Texas,TX,6,100,,-0.34,0.182,0.785,10,81,-19.59636
2017-02-02 23:34:42,MH05603425,3425,"GAINES, John Wesley",56,House,(TN-06),Tennessee,TN,6,100,,-0.307,0.114,0.785,11,111,-26.89347
2017-02-02 23:34:42,MH05606968,6968,"NORTON, James",56,House,(SC-06),South Carolina,SC,6,100,,-0.36,-0.145,0.848,4,84,-13.87123
2017-02-02 23:34:42,MH05601352,1352,"BUTLER, Thomas Stalker",56,House,(PA-06),Pennsylvania,PA,6,200,,0.443,-0.085,0.876,6,106,-14.00708
2017-02-02 23:34:42,MH05601133,1133,"BROWN, Seth W.",56,House,(OH-06),Ohio,OH,6,200,,0.366,0.57,0.854,5,124,-19.55059
2017-02-02 23:34:42,MH05600615,615,"BELLAMY, John Dillard",56,House,(NC-06),North Carolina,NC,6,100,,-0.287,-0.393,0.838,6,91,-16.10011
2017-02-02 23:34:42,MH05606104,6104,"MAY, Mitchell",56,House,(NY-06),New York,NY,6,100,,-0.462,-0.575,0.845,4,64,-10.77795
2017-02-02 23:34:42,MH05607203,7203,"PARKER, Richard Wayne",56,House,(NJ-06),New Jersey,NJ,6,200,,0.621,-0.635,0.847,7,87,-14.44714
2017-02-02 23:34:42,MH05606884,6884,"NEVILLE, William",56,House,(NE-06),Nebraska,NE,6,340,,-0.298,0.954,0.885,4,91,-11.09375
2017-02-02 23:34:42,MH05602453,2453,"DE ARMOND, David Albaugh",56,House,(MO-06),Missouri,MO,6,100,,-0.434,0.832,0.881,5,129,-16.27625
2017-02-02 23:34:42,MH05606321,6321,"McLAIN, Frank Alexander",56,House,(MS-06),Mississippi,MS,6,100,,-0.411,0.135,0.885,5,106,-12.97666
2017-02-02 23:34:42,MH05606713,6713,"MORRIS, Robert Page Walter",56,House,(MN-06),Minnesota,MN,6,200,,0.464,0.174,0.9,3,101,-10.62035
2017-02-02 23:34:42,MH05608683,8683,"SMITH, Samuel William",56,House,(MI-06),Michigan,MI,6,200,,0.445,0.069,0.862,6,83,-12.31566
2017-02-02 23:34:42,MH05606617,6617,"MOODY, William Henry",56,House,(MA-06),Massachusetts,MA,6,200,,0.401,-0.184,0.782,14,122,-30.04171
2017-02-02 23:34:42,MH05607284,7284,"PEARRE, George Alexander",56,House,(MD-06),Maryland,MD,6,200,,0.396,-0.184,0.881,6,99,-12.5111
2017-02-02 23:34:42,MH05607964,7964,"ROBERTSON, Samuel Matthews",56,House,(LA-06),Louisiana,LA,6,100,,-0.36,-0.2,0.693,5,30,-10.98669
2017-02-02 23:34:42,MH05600670,670,"BERRY, Albert Seaton",56,House,(KY-06),Kentucky,KY,6,100,,-0.276,-0.56,0.703,12,84,-29.61347
2017-02-02 23:34:42,MH05607798,7798,"REEDER, William Augustus",56,House,(KS-06),Kansas,KS,6,200,,0.398,0.255,0.848,7,99,-16.35451
2017-02-02 23:34:42,MH05605391,5391,"LACEY, John Fletcher",56,House,(IA-06),Iowa,IA,6,200,,0.333,0.522,0.774,17,136,-34.91059
2017-02-02 23:34:42,MH05609875,9875,"WATSON, James Eli",56,House,(IN-06),Indiana,IN,6,200,,0.55,-0.044,0.837,7,75,-13.35636
2017-02-02 23:34:42,MH05600887,887,"BOUTELL, Henry Sherman",56,House,(IL-06),Illinois,IL,6,200,,0.498,-0.415,0.77,12,121,-31.65515
2017-02-02 23:34:42,MH05600485,485,"BARTLETT, Charles Lafayette",56,House,(GA-06),Georgia,GA,6,100,,-0.51,-0.197,0.917,2,80,-6.89884
2017-02-02 23:34:42,MH05609863,9863,"WATERS, Russell Judson",56,House,(CA-06),California,CA,6,200,,0.371,0.001,0.882,3,87,-10.9399
2017-02-02 23:34:42,MH05601164,1164,"BRUNDIDGE, Stephen, Jr.",56,House,(AR-06),Arkansas,AR,6,100,,-0.488,0.28,0.904,4,111,-11.2059
2017-02-02 23:34:42,MH05600403,403,"BANKHEAD, John Hollis",56,House,(AL-06),Alabama,AL,6,100,,-0.38,-0.492,0.807,11,98,-20.98236
2017-02-02 23:34:42,MH05604080,4080,"HARMER, Alfred Crout",56,House,(PA-05),Pennsylvania,PA,5,200,,0.355,-0.156,,,,
2017-02-02 23:34:42,MH05600357,357,"BAIRD, Samuel Thomas",56,House,(LA-05),Louisiana,LA,5,100,,-0.585,-0.752,,,,
2017-02-02 23:34:42,MH05600452,452,"BARNEY, Samuel Stebbins",56,House,(WI-05),Wisconsin,WI,5,200,,0.353,0.45,0.839,9,92,-16.16846
2017-02-02 23:34:42,MH05609106,9106,"SWANSON, Claude Augustus",56,House,(VA-05),Virginia,VA,5,100,,-0.38,-0.36,0.825,9,87,-16.68594
2017-02-02 23:34:42,MH05600347,347,"BAILEY, Joseph Weldon",56,House,(TX-05),Texas,TX,5,100,,-0.63,-0.098,0.806,8,71,-15.30072
2017-02-02 23:34:42,MH05607877,7877,"RICHARDSON, James Daniel",56,House,(TN-05),Tennessee,TN,5,100,,-0.515,0.014,0.829,11,131,-24.49042
2017-02-02 23:34:42,MH05603153,3153,"FINLEY, David Edward",56,House,(SC-05),South Carolina,SC,5,100,,-0.432,0.176,0.819,12,126,-25.16909
2017-02-02 23:34:42,MH05606692,6692,"MORRELL, Edward de Veaux",56,House,(PA-05),Pennsylvania,PA,5,200,,0.521,-0.698,0.873,3,36,-4.88112
2017-02-02 23:34:42,MH05606405,6405,"MEEKISON, David",56,House,(OH-05),Ohio,OH,5,100,,-0.165,0.286,0.717,18,100,-33.30308
2017-02-02 23:34:42,MH05605309,5309,"KITCHIN, William Walton",56,House,(NC-05),North Carolina,NC,5,100,,-0.543,0.451,0.878,7,123,-15.93498
2017-02-02 23:34:42,MH05610220,10220,"WILSON, Frank Eugene",56,House,(NY-05),New York,NY,5,100,,-0.311,-0.95,0.788,10,77,-18.36289
2017-02-02 23:34:42,MH05608937,8937,"STEWART, James Fleming",56,House,(NJ-05),New Jersey,NJ,5,200,,0.442,0.114,0.838,7,75,-13.27689
2017-02-02 23:34:42,MH05609097,9097,"SUTHERLAND, Roderick Dhu",56,House,(NE-05),Nebraska,NE,5,340,,-0.32,0.864,0.876,5,113,-14.9157
2017-02-02 23:34:42,MH05602106,2106,"COWHERD, William Strother",56,House,(MO-05),Missouri,MO,5,100,,-0.318,0.283,0.791,10,101,-23.71197
2017-02-02 23:34:42,MH05610165,10165,"WILLIAMS, John Sharp",56,House,(MS-05),Mississippi,MS,5,100,,-0.313,-0.38,0.686,24,124,-46.68879
2017-02-02 23:34:42,MH05603218,3218,"FLETCHER, Loren",56,House,(MN-05),Minnesota,MN,5,200,,0.468,-0.213,0.821,7,116,-22.88381
2017-02-02 23:34:42,MH05608698,8698,"SMITH, William Alden",56,House,(MI-05),Michigan,MI,5,200,,0.35,0.067,0.81,10,71,-14.93916
2017-02-02 23:34:42,MH05605350,5350,"KNOX, William Shadrach",56,House,(MA-05),Massachusetts,MA,5,200,,0.404,-0.177,0.861,6,90,-13.42142
2017-02-02 23:34:42,MH05606777,6777,"MUDD, Sydney Emanuel",56,House,(MD-05),Maryland,MD,5,200,,0.354,-0.363,0.825,10,103,-19.75462
2017-02-02 23:34:42,MH05607734,7734,"RANSDELL, Joseph Eugene",56,House,(LA-05),Louisiana,LA,5,100,,-0.211,-0.543,0.752,14,95,-27.09186
2017-02-02 23:34:42,MH05609520,9520,"TURNER, Oscar",56,House,(KY-05),Kentucky,KY,5,100,,-0.469,-0.246,0.752,10,87,-24.78738
2017-02-02 23:34:42,MH05601400,1400,"CALDERHEAD, William Alexander",56,House,(KS-05),Kansas,KS,5,200,,0.433,-0.049,0.8,9,113,-25.15428
2017-02-02 23:34:42,MH05602094,2094,"COUSINS, Robert Gordon",56,House,(IA-05),Iowa,IA,5,200,,0.506,0.369,0.909,6,105,-10.07013
2017-02-02 23:34:42,MH05603057,3057,"FARIS, George Washington",56,House,(IN-05),Indiana,IN,5,200,,0.501,0.718,0.891,4,58,-6.67011
2017-02-02 23:34:42,MH05606952,6952,"NOONAN, Edward Thomas",56,House,(IL-05),Illinois,IL,5,100,,-0.228,0.066,0.751,7,53,-15.16141
2017-02-02 23:34:42,MH05605717,5717,"LIVINGSTON, Leonidas Felix",56,House,(GA-05),Georgia,GA,5,100,,-0.366,-0.18,0.738,10,92,-27.98682
2017-02-02 23:34:42,MH05605784,5784,"LOUD, Eugene Francis",56,House,(CA-05),California,CA,5,200,,0.258,0.047,0.434,26,81,-67.67334
2017-02-02 23:34:42,MH05602608,2608,"DINSMORE, Hugh Anderson",56,House,(AR-05),Arkansas,AR,5,100,,-0.484,0.289,0.87,6,108,-15.05644
2017-02-02 23:34:42,MH05601017,1017,"BREWER, Willis",56,House,(AL-05),Alabama,AL,5,100,,-0.605,-0.177,0.868,6,77,-10.9056
2017-02-02 23:34:42,MH05602976,2976,"EPES, Sydney Parham",56,House,(VA-04),Virginia,VA,4,100,,-0.529,-0.296,,,,
2017-02-02 23:34:42,MH05600888,888,"BOUTELLE, Charles Addison",56,House,(ME-04),Maine,ME,4,200,,0.535,-0.199,,,,
2017-02-02 23:34:42,MH05607942,7942,"ROBBINS, Gaston Ahi",56,House,(AL-04),Alabama,AL,4,100,,-0.48,0.325,,,,
2017-02-02 23:34:42,MH05607113,7113,"OTJEN, Theobald",56,House,(WI-04),Wisconsin,WI,4,200,,0.349,0.158,0.852,4,110,-17.64581
2017-02-02 23:34:42,MH05603360,3360,"FREER, Romeo Hoyt",56,House,(WV-04),West Virginia,WV,4,200,,0.532,0.29,0.924,3,60,-4.73907
2017-02-02 23:34:42,MH05605486,5486,"LASSITER, Francis Rives",56,House,(VA-04),Virginia,VA,4,100,,-0.472,-0.658,0.827,3,31,-5.87906
2017-02-02 23:34:42,MH05608445,8445,"SHEPPARD, John Levi",56,House,(TX-04),Texas,TX,4,100,,-0.373,0.219,0.807,12,140,-30.07019
2017-02-02 23:34:42,MH05608723,8723,"SNODGRASS, Charles Edward",56,House,(TN-04),Tennessee,TN,4,100,,-0.45,0.087,0.776,14,127,-32.14857
2017-02-02 23:34:42,MH05610251,10251,"WILSON, Stanyarne",56,House,(SC-04),South Carolina,SC,4,100,,-0.269,0.199,0.809,6,56,-11.90228
2017-02-02 23:34:42,MH05610444,10444,"YOUNG, James Rankin",56,House,(PA-04),Pennsylvania,PA,4,200,,0.406,-0.914,0.906,1,94,-9.25059
2017-02-02 23:34:42,MH05603698,3698,"GORDON, Robert Bryarly",56,House,(OH-04),Ohio,OH,4,100,,-0.203,-0.091,0.718,21,97,-32.15609
2017-02-02 23:34:42,MH05600288,288,"ATWATER, John Wilbur",56,House,(NC-04),North Carolina,NC,4,340,,-0.659,0.738,0.906,4,110,-10.83355
2017-02-02 23:34:42,MH05601819,1819,"CLAYTON, Bertram Tracy",56,House,(NY-04),New York,NY,4,100,,-0.23,-0.724,0.754,14,107,-30.27463
2017-02-02 23:34:42,MH05608182,8182,"SALMON, Joshua S.",56,House,(NJ-04),New Jersey,NJ,4,100,,-0.244,0.184,0.771,10,93,-24.23813
2017-02-02 23:34:42,MH05608850,8850,"STARK, William Ledyard",56,House,(NE-04),Nebraska,NE,4,340,,-0.325,0.542,0.844,7,127,-21.60929
2017-02-02 23:34:42,MH05601879,1879,"COCHRAN, Charles Fremont",56,House,(MO-04),Missouri,MO,4,100,,-0.283,0.933,0.877,6,98,-12.83042
2017-02-02 23:34:42,MH05603330,3330,"FOX, Andrew Fuller",56,House,(MS-04),Mississippi,MS,4,100,,-0.496,0.338,0.892,1,56,-6.37726
2017-02-02 23:34:42,MH05608908,8908,"STEVENS, Frederick Clement",56,House,(MN-04),Minnesota,MN,4,200,,0.417,-0.002,0.899,4,96,-10.27118
2017-02-02 23:34:42,MH05603989,3989,"HAMILTON, Edward La Rue",56,House,(MI-04),Michigan,MI,4,200,,0.444,0.29,0.906,4,124,-12.30899
2017-02-02 23:34:42,MH05609972,9972,"WEYMOUTH, George Warren",56,House,(MA-04),Massachusetts,MA,4,200,,0.538,-0.731,0.899,2,55,-5.87311
2017-02-02 23:34:42,MH05602508,2508,"DENNY, James William",56,House,(MD-04),Maryland,MD,4,100,,-0.166,-0.171,0.678,20,92,-35.74241
2017-02-02 23:34:42,MH05600988,988,"BREAZEALE, Phanor",56,House,(LA-04),Louisiana,LA,4,100,,-0.328,-0.155,0.775,12,98,-24.98378
2017-02-02 23:34:42,MH05608609,8609,"SMITH, David Highbaugh",56,House,(KY-04),Kentucky,KY,4,100,,-0.532,0.455,0.844,7,93,-15.79535
2017-02-02 23:34:42,MH05606488,6488,"MILLER, James Monroe",56,House,(KS-04),Kansas,KS,4,200,,0.439,0.317,0.921,1,108,-8.86948
2017-02-02 23:34:42,MH05604195,4195,"HAUGEN, Gilbert Nelson",56,House,(IA-04),Iowa,IA,4,200,,0.379,0.715,0.888,3,90,-10.68257
2017-02-02 23:34:42,MH05603827,3827,"GRIFFITH, Francis Marion",56,House,(IN-04),Indiana,IN,4,100,,-0.305,0.193,0.823,10,95,-18.54202
2017-02-02 23:34:42,MH05602276,2276,"CUSACK, Thomas",56,House,(IL-04),Illinois,IL,4,100,,-0.273,-0.459,0.784,3,41,-9.95887
2017-02-02 23:34:42,MH05600044,44,"ADAMSON, William Charles",56,House,(GA-04),Georgia,GA,4,100,,-0.499,-0.095,0.874,6,100,-13.43283
2017-02-02 23:34:42,MH05604409,4409,"HILL, Ebenezer J.",56,House,(CT-04),Connecticut,CT,4,200,,0.499,-0.175,0.878,8,117,-15.27668
2017-02-02 23:34:42,MH05605090,5090,"KAHN, Julius",56,House,(CA-04),California,CA,4,200,,0.387,-0.922,0.857,5,90,-13.92508
2017-02-02 23:34:42,MH05609265,9265,"TERRY, William Leake",56,House,(AR-04),Arkansas,AR,4,100,,-0.461,0.434,0.852,7,100,-15.97439
2017-02-02 23:34:42,MH05600075,75,"ALDRICH, William Farrington",56,House,(AL-04),Alabama,AL,4,200,,0.476,0.156,0.776,8,79,-20.05794
2017-02-02 23:34:42,MH05604306,4306,"HENDERSON, David Bremner",56,House,(IA-03),Iowa,IA,3,200,,0.161,0.064,,,,
2017-02-02 23:34:42,MH05600314,314,"BABCOCK, Joseph Weeks",56,House,(WI-03),Wisconsin,WI,3,200,,0.428,-0.301,0.93,2,94,-6.813
2017-02-02 23:34:42,MH05605002,5002,"JOHNSTON, David Emmons",56,House,(WV-03),West Virginia,WV,3,100,,-0.283,0.06,0.795,11,106,-24.25518
2017-02-02 23:34:42,MH05605419,5419,"LAMB, John",56,House,(VA-03),Virginia,VA,3,100,,-0.286,-0.067,0.813,9,102,-21.09965
2017-02-02 23:34:42,MH05602467,2467,"DE GRAFFENREID, Reese Calhoun",56,House,(TX-03),Texas,TX,3,100,,-0.802,0.525,0.889,7,115,-13.56194
2017-02-02 23:34:42,MH05606618,6618,"MOON, John Austin",56,House,(TN-03),Tennessee,TN,3,100,,-0.32,0.205,0.815,11,125,-25.5425
2017-02-02 23:34:42,MH05605493,5493,"LATIMER, Asbury Churchwell",56,House,(SC-03),South Carolina,SC,3,100,,-0.305,0.109,0.773,17,113,-29.02707
2017-02-02 23:34:42,MH05606120,6120,"McALEER, William",56,House,(PA-03),Pennsylvania,PA,3,100,,-0.167,-0.986,0.865,2,63,-9.13161
2017-02-02 23:34:42,MH05601006,1006,"BRENNER, John Lewis",56,House,(OH-03),Ohio,OH,3,100,,-0.296,0.142,0.79,15,90,-21.17214
2017-02-02 23:34:42,MH05609287,9287,"THOMAS, Charles Randolph",56,House,(NC-03),North Carolina,NC,3,100,,-0.401,-0.074,0.823,10,107,-20.79763
2017-02-02 23:34:42,MH05602727,2727,"DRIGGS, Edmund Hope",56,House,(NY-03),New York,NY,3,100,,-0.177,-0.854,0.83,4,75,-13.97895
2017-02-02 23:34:42,MH05604643,4643,"HOWELL, Benjamin Franklin",56,House,(NJ-03),New Jersey,NJ,3,200,,0.45,-0.095,0.878,8,97,-12.57442
2017-02-02 23:34:42,MH05607984,7984,"ROBINSON, John Seaton",56,House,(NE-03),Nebraska,NE,3,100,,-0.337,0.575,0.867,4,104,-14.78526
2017-02-02 23:34:42,MH05602683,2683,"DOUGHERTY, John",56,House,(MO-03),Missouri,MO,3,100,,-0.34,0.591,0.878,4,121,-15.74047
2017-02-02 23:34:42,MH05601595,1595,"CATCHINGS, Thomas Clendinen",56,House,(MS-03),Mississippi,MS,3,100,,-0.381,-0.467,0.817,2,37,-7.47603
2017-02-02 23:34:42,MH05604272,4272,"HEATWOLE, Joel Prescott",56,House,(MN-03),Minnesota,MN,3,200,,0.331,-0.258,0.757,11,96,-26.6718
2017-02-02 23:34:42,MH05603472,3472,"GARDNER, Washington",56,House,(MI-03),Michigan,MI,3,200,,0.538,0.337,0.865,7,99,-14.41015
2017-02-02 23:34:42,MH05609277,9277,"THAYER, John Randolph",56,House,(MA-03),Massachusetts,MA,3,100,,-0.103,-0.102,0.617,22,83,-40.0807
2017-02-02 23:34:42,MH05609694,9694,"WACHTER, Frank Charles",56,House,(MD-03),Maryland,MD,3,200,,0.351,-0.693,0.77,8,57,-14.88009
2017-02-02 23:34:42,MH05601276,1276,"BURLEIGH, Edwin Chick",56,House,(ME-03),Maine,ME,3,200,,0.484,-0.38,0.912,4,90,-8.29422
2017-02-02 23:34:42,MH05601092,1092,"BROUSSARD, Robert Foligny",56,House,(LA-03),Louisiana,LA,3,100,,-0.327,-0.802,0.831,1,39,-7.2022
2017-02-02 23:34:42,MH05607839,7839,"RHEA, John Stockdale",56,House,(KY-03),Kentucky,KY,3,100,,-0.721,0.603,0.879,7,125,-16.1669
2017-02-02 23:34:42,MH05607896,7896,"RIDGELY, Edwin Reed",56,House,(KS-03),Kansas,KS,3,340,,-0.248,0.969,0.842,9,101,-17.42392
2017-02-02 23:34:42,MH05610465,10465,"ZENOR, William Taylor",56,House,(IN-03),Indiana,IN,3,100,,-0.319,0.646,0.874,6,120,-16.14126
2017-02-02 23:34:42,MH05603305,3305,"FOSTER, George Peter",56,House,(IL-03),Illinois,IL,3,100,,-0.266,-0.575,0.848,5,79,-13.04439
2017-02-02 23:34:42,MH05605638,5638,"LEWIS, Elijah Banks",56,House,(GA-03),Georgia,GA,3,100,,-0.462,-0.245,0.885,5,102,-12.45177
2017-02-02 23:34:42,MH05608124,8124,"RUSSELL, Charles Addison",56,House,(CT-03),Connecticut,CT,3,200,,0.495,-0.294,0.915,3,108,-9.55778
2017-02-02 23:34:42,MH05606443,6443,"METCALF, Victor Howard",56,House,(CA-03),California,CA,3,200,,0.497,0.554,0.819,7,63,-12.58441
2017-02-02 23:34:42,MH05606379,6379,"McRAE, Thomas Chipman",56,House,(AR-03),Arkansas,AR,3,100,,-0.515,0.301,0.772,8,91,-23.59168
2017-02-02 23:34:42,MH05601821,1821,"CLAYTON, Henry De Lamar",56,House,(AL-03),Alabama,AL,3,100,,-0.496,-0.013,0.865,12,113,-16.409
2017-02-02 23:34:42,MH05610457,10457,"YOUNG, William Albin",56,House,(VA-02),Virginia,VA,2,100,,-0.138,-0.193,,,,
2017-02-02 23:34:42,MH05602299,2299,"DAHLE, Herman Bjorn",56,House,(WI-02),Wisconsin,WI,2,200,,0.45,0.402,0.877,6,87,-11.44377
2017-02-02 23:34:42,MH05602438,2438,"DAYTON, Alston Gordon",56,House,(WV-02),West Virginia,WV,2,200,,0.427,0.424,0.878,7,69,-9.01285
2017-02-02 23:34:42,MH05610290,10290,"WISE, Richard Alsop",56,House,(VA-02),Virginia,VA,2,200,,0.553,-0.266,0.945,0,41,-2.30325
2017-02-02 23:34:42,MH05603858,3858,"GROUT, William Wallace",56,House,(VT-02),Vermont,VT,2,200,,0.528,0.129,0.76,11,104,-28.47631
2017-02-02 23:34:42,MH05602055,2055,"COOPER, Samuel Bronson",56,House,(TX-02),Texas,TX,2,100,,-0.333,0.222,0.778,10,78,-19.53055
2017-02-02 23:34:42,MH05603561,3561,"GIBSON, Henry Richard",56,House,(TN-02),Tennessee,TN,2,200,,0.372,0.163,0.772,13,100,-25.90552
2017-02-02 23:34:42,MH05609158,9158,"TALBERT, William Jasper",56,House,(SC-02),South Carolina,SC,2,100,,-0.578,0.595,0.815,10,110,-22.52632
2017-02-02 23:34:42,MH05601495,1495,"CAPRON, Adin Ballou",56,House,(RI-02),Rhode Island,RI,2,200,,0.489,0.011,0.879,6,105,-13.50158
2017-02-02 23:34:42,MH05600036,36,"ADAMS, Robert, Jr.",56,House,(PA-02),Pennsylvania,PA,2,200,,0.54,-0.617,0.903,3,87,-8.88988
2017-02-02 23:34:42,MH05606616,6616,"MOODY, Malcolm Adelbert",56,House,(OR-02),Oregon,OR,2,200,,0.401,-0.286,0.868,5,125,-17.64308
2017-02-02 23:34:42,MH05601065,1065,"BROMWELL, Jacob Henry",56,House,(OH-02),Ohio,OH,2,200,,0.4,-0.032,0.794,10,101,-23.27737
2017-02-02 23:34:42,MH05610025,10025,"WHITE, George Henry",56,House,(NC-02),North Carolina,NC,2,200,,0.343,-0.588,0.859,5,79,-11.97747
2017-02-02 23:34:42,MH05603183,3183,"FITZGERALD, John Joseph",56,House,(NY-02),New York,NY,2,100,,-0.387,-0.744,0.797,11,107,-24.23837
2017-02-02 23:34:42,MH05603468,3468,"GARDNER, John James",56,House,(NJ-02),New Jersey,NJ,2,200,,0.562,-0.319,0.833,7,109,-19.96572
2017-02-02 23:34:42,MH05601791,1791,"CLARKE, Frank Gay",56,House,(NH-02),New Hampshire,NH,2,200,,0.409,0.565,0.927,2,64,-4.86224
2017-02-02 23:34:42,MH05606416,6416,"MERCER, David Henry",56,House,(NE-02),Nebraska,NE,2,200,,0.406,-0.082,0.862,6,95,-14.13683
2017-02-02 23:34:42,MH05608103,8103,"RUCKER, William Waller",56,House,(MO-02),Missouri,MO,2,100,,-0.367,0.483,0.867,5,115,-16.37313
2017-02-02 23:34:42,MH05608794,8794,"SPIGHT, Thomas",56,House,(MS-02),Mississippi,MS,2,100,,-0.433,0.22,0.872,4,71,-9.75606
2017-02-02 23:34:42,MH05606145,6145,"McCLEARY, James Thompson",56,House,(MN-02),Minnesota,MN,2,200,,0.449,0.168,0.905,3,87,-8.71967
2017-02-02 23:34:42,MH05608630,8630,"SMITH, Henry Cassorte",56,House,(MI-02),Michigan,MI,2,200,,0.28,0.521,0.791,9,93,-21.74943
2017-02-02 23:34:42,MH05603599,3599,"GILLETT, Frederick Huntington",56,House,(MA-02),Massachusetts,MA,2,200,,0.662,-0.379,0.803,11,88,-19.27273
2017-02-02 23:34:42,MH05600374,374,"BAKER, William Benjamin",56,House,(MD-02),Maryland,MD,2,200,,0.306,-0.248,0.83,9,103,-19.20423
2017-02-02 23:34:42,MH05605705,5705,"LITTLEFIELD, Charles Edgar",56,House,(ME-02),Maine,ME,2,200,,0.446,-0.465,0.702,14,116,-41.08634
2017-02-02 23:34:42,MH05602363,2363,"DAVEY, Robert Charles",56,House,(LA-02),Louisiana,LA,2,100,,-0.198,-0.543,0.62,11,56,-26.75986
2017-02-02 23:34:42,MH05600109,109,"ALLEN, Henry Dixon",56,House,(KY-02),Kentucky,KY,2,100,,-0.52,0.179,0.901,4,106,-11.06679
2017-02-02 23:34:42,MH05600907,907,"BOWERSOCK, Justin De Witt",56,House,(KS-02),Kansas,KS,2,200,,0.424,0.503,0.856,7,125,-19.42761
2017-02-02 23:34:42,MH05605445,5445,"LANE, Joseph Reed",56,House,(IA-02),Iowa,IA,2,200,,0.352,-0.936,0.874,3,80,-10.73372
2017-02-02 23:34:42,MH05606463,6463,"MIERS, Robert Walter",56,House,(IN-02),Indiana,IN,2,100,,-0.263,0.463,0.793,10,102,-23.66271
2017-02-02 23:34:42,MH05605781,5781,"LORIMER, William",56,House,(IL-02),Illinois,IL,2,200,,0.452,-0.129,0.612,9,55,-27.01506
2017-02-02 23:34:42,MH05603832,3832,"GRIGGS, James Mathews",56,House,(GA-02),Georgia,GA,2,100,,-0.443,-0.344,0.805,9,90,-19.56744
2017-02-02 23:34:42,MH05602408,2408,"DAVIS, Robert Wyche",56,House,(FL-02),Florida,FL,2,100,,-0.383,-0.287,0.797,8,110,-25.00105
2017-02-02 23:34:42,MH05608793,8793,"SPERRY, Nehemiah Day",56,House,(CT-02),Connecticut,CT,2,200,,0.514,-0.3,0.937,1,98,-6.34144
2017-02-02 23:34:42,MH05600607,607,"BELL, John Calhoun",56,House,(CO-02),Colorado,CO,2,340,,-0.228,0.974,0.801,10,121,-26.7841
2017-02-02 23:34:42,MH05610356,10356,"WOODS, Samuel Davis",56,House,(CA-02),California,CA,2,200,,0.413,0.776,0.864,1,26,-3.80446
2017-02-02 23:34:42,MH05602535,2535,"DE VRIES, Marion",56,House,(CA-02),California,CA,2,100,,-0.15,0.442,0.801,3,58,-12.85422
2017-02-02 23:34:42,MH05605702,5702,"LITTLE, John Sebastian",56,House,(AR-02),Arkansas,AR,2,100,,-0.575,0.5,0.916,5,124,-10.82597
2017-02-02 23:34:42,MH05608828,8828,"STALLINGS, Jesse Francis",56,House,(AL-02),Alabama,AL,2,100,,-0.442,0.069,0.637,13,53,-23.94331
2017-02-02 23:34:42,MH05601441,1441,"CAMPBELL, Albert James",56,House,(MT-01),Montana,MT,1,100,,,,,,,
2017-02-02 23:34:42,MH05608658,8658,"SMITH, John Walter",56,House,(MD-01),Maryland,MD,1,100,,-0.406,-0.914,,,,
2017-02-02 23:34:42,MH05607795,7795,"REED, Thomas Brackett",56,House,(ME-01),Maine,ME,1,200,,0.571,-0.404,,,,
2017-02-02 23:34:42,MH05606590,6590,"MONDELL, Frank Wheeler",56,House,(WY-01),Wyoming,WY,1,200,,0.43,0.179,0.788,12,108,-25.72256
2017-02-02 23:34:42,MH05602047,2047,"COOPER, Henry Allen",56,House,(WI-01),Wisconsin,WI,1,200,,0.27,0.676,0.785,13,94,-22.78524
2017-02-02 23:34:42,MH05602696,2696,"DOVENER, Blackburn Barrett",56,House,(WV-01),West Virginia,WV,1,200,,0.556,-0.022,0.879,4,76,-9.81353
2017-02-02 23:34:42,MH05605067,5067,"JONES, William Atkinson",56,House,(VA-01),Virginia,VA,1,100,,-0.44,0.272,0.786,14,119,-28.60525
2017-02-02 23:34:42,MH05607580,7580,"POWERS, Horace Henry",56,House,(VT-01),Vermont,VT,1,200,,0.283,-0.369,0.851,3,68,-10.94833
2017-02-02 23:34:42,MH05605274,5274,"KING, William Henry",56,House,(UT-01),Utah,UT,1,100,,-0.224,-0.165,0.691,13,67,-24.75218
2017-02-02 23:34:42,MH05600396,396,"BALL, Thomas Henry",56,House,(TX-01),Texas,TX,1,100,,-0.496,0.055,0.881,5,100,-12.71589
2017-02-02 23:34:42,MH05601150,1150,"BROWNLOW, Walter Preston",56,House,(TN-01),Tennessee,TN,1,200,,0.433,-0.142,0.839,7,81,-14.18882
2017-02-02 23:34:42,MH05602918,2918,"ELLIOTT, William",56,House,(SC-01),South Carolina,SC,1,100,,-0.422,-0.645,0.85,5,92,-14.93238
2017-02-02 23:34:42,MH05601227,1227,"BULL, Melville",56,House,(RI-01),Rhode Island,RI,1,200,,0.48,-0.238,0.928,1,73,-5.43572
2017-02-02 23:34:42,MH05600715,715,"BINGHAM, Henry Harrison",56,House,(PA-01),Pennsylvania,PA,1,200,,0.485,-0.46,0.883,6,75,-9.32312
2017-02-02 23:34:42,MH05609420,9420,"TONGUE, Thomas H.",56,House,(OR-01),Oregon,OR,1,200,,0.387,0.6,0.829,8,86,-16.08521
2017-02-02 23:34:42,MH05608412,8412,"SHATTUC, William Bunn",56,House,(OH-01),Ohio,OH,1,200,,0.444,-0.083,0.909,2,113,-10.79948
2017-02-02 23:34:42,MH05608758,8758,"SPALDING, Burleigh Folsom",56,House,(ND-01),North Dakota,ND,1,200,,0.302,0.248,0.817,11,102,-20.6261
2017-02-02 23:34:42,MH05608588,8588,"SMALL, John Humphrey",56,House,(NC-01),North Carolina,NC,1,100,,-0.403,-0.082,0.758,4,57,-15.80003
2017-02-02 23:34:42,MH05608326,8326,"SCUDDER, Townsend",56,House,(NY-01),New York,NY,1,100,,-0.18,-0.72,0.67,17,88,-35.25367
2017-02-02 23:34:42,MH05605786,5786,"LOUDENSLAGER, Henry Clay",56,House,(NJ-01),New Jersey,NJ,1,200,,0.467,-0.348,0.832,6,86,-15.78946
2017-02-02 23:34:42,MH05609078,9078,"SULLOWAY, Cyrus Adams",56,House,(NH-01),New Hampshire,NH,1,200,,0.432,-0.139,0.9,5,104,-10.9178
2017-02-02 23:34:42,MH05606897,6897,"NEWLANDS, Francis Griffith",56,House,(NV-01),Nevada,NV,1,1060,,-0.177,-0.067,0.669,15,85,-34.12625
2017-02-02 23:34:42,MH05601275,1275,"BURKETT, Elmer Jacob",56,House,(NE-01),Nebraska,NE,1,200,,0.393,0.877,0.778,15,128,-32.20733
2017-02-02 23:34:42,MH05605727,5727,"LLOYD, James Tilghman",56,House,(MO-01),Missouri,MO,1,100,,-0.326,0.293,0.874,5,126,-16.9151
2017-02-02 23:34:42,MH05600117,117,"ALLEN, John Mills",56,House,(MS-01),Mississippi,MS,1,100,,-0.492,0.238,0.687,9,62,-23.2476
2017-02-02 23:34:42,MH05609194,9194,"TAWNEY, James Albertus",56,House,(MN-01),Minnesota,MN,1,200,,0.51,0.269,0.802,8,99,-21.81437
2017-02-02 23:34:42,MH05602070,2070,"CORLISS, John Blaisdell",56,House,(MI-01),Michigan,MI,1,200,,0.411,0.243,0.907,6,109,-10.67421
2017-02-02 23:34:42,MH05605510,5510,"LAWRENCE, George Pelton",56,House,(MA-01),Massachusetts,MA,1,200,,0.4,0.064,0.808,9,97,-20.68828
2017-02-02 23:34:42,MH05605211,5211,"KERR, Josiah Leeds",56,House,(MD-01),Maryland,MD,1,200,,0.577,-0.678,0.913,2,37,-3.3557
2017-02-02 23:34:42,MH05600098,98,"ALLEN, Amos Lawrence",56,House,(ME-01),Maine,ME,1,200,,0.516,-0.508,0.827,11,119,-22.64028
2017-02-02 23:34:42,MH05606448,6448,"MEYER, Adolph",56,House,(LA-01),Louisiana,LA,1,100,,-0.232,-0.776,0.652,12,71,-30.39885
2017-02-02 23:34:42,MH05609985,9985,"WHEELER, Charles Kennedy",56,House,(KY-01),Kentucky,KY,1,100,,-0.533,-0.136,0.816,5,65,-13.21805
2017-02-02 23:34:42,MH05602269,2269,"CURTIS, Charles",56,House,(KS-01),Kansas,KS,1,200,,0.433,0.248,0.892,6,122,-13.89878
2017-02-02 23:34:42,MH05604277,4277,"HEDGE, Thomas",56,House,(IA-01),Iowa,IA,1,200,,0.393,-0.214,0.803,13,122,-26.71003
2017-02-02 23:34:42,MH05604295,4295,"HEMENWAY, James Alexander",56,House,(IN-01),Indiana,IN,1,200,,0.574,0.513,0.902,3,87,-8.97813
2017-02-02 23:34:42,MH05605959,5959,"MANN, James Robert",56,House,(IL-01),Illinois,IL,1,200,,0.384,0.036,0.556,17,96,-56.38993
2017-02-02 23:34:42,MH05610213,10213,"WILSON, Edgar",56,House,(ID-01),Idaho,ID,1,354,,-0.05,0.378,0.665,10,87,-35.49024
2017-02-02 23:34:42,MH05605620,5620,"LESTER, Rufus Ezekiel",56,House,(GA-01),Georgia,GA,1,100,,-0.489,-0.3,0.8,7,96,-21.37296
2017-02-02 23:34:42,MH05608765,8765,"SPARKMAN, Stephen Milancthon",56,House,(FL-01),Florida,FL,1,100,,-0.412,-0.251,0.84,2,48,-8.36579
2017-02-02 23:34:42,MH05604485,4485,"HOFFECKER, Walter Oakley",56,House,(DE-01),Delaware,DE,1,200,,0.485,-0.138,0.864,4,53,-7.74001
2017-02-02 23:34:42,MH05604484,4484,"HOFFECKER, John Henry",56,House,(DE-01),Delaware,DE,1,200,,0.483,-0.07,0.94,2,74,-4.56511
2017-02-02 23:34:42,MH05604331,4331,"HENRY, Edward Stevens",56,House,(CT-01),Connecticut,CT,1,200,,0.458,-0.137,0.823,9,104,-20.24986
2017-02-02 23:34:42,MH05608394,8394,"SHAFROTH, John Franklin",56,House,(CO-01),Colorado,CO,1,354,,-0.198,0.121,0.769,14,114,-29.99315
2017-02-02 23:34:42,MH05600432,432,"BARHAM, John All",56,House,(CA-01),California,CA,1,200,,0.5,0.195,0.878,5,87,-11.31984
2017-02-02 23:34:42,MH05606202,6202,"McCULLOCH, Philip Doddridge, Jr.",56,House,(AR-01),Arkansas,AR,1,100,,-0.474,0.147,0.854,7,97,-15.3621
2017-02-02 23:34:42,MH05609209,9209,"TAYLOR, George Washington",56,House,(AL-01),Alabama,AL,1,100,,-0.287,-0.246,0.748,6,73,-21.22743
2017-02-02 23:34:42,MS05607668,7668,"QUAY, Matthew Stanley",56,Senate,(PA),Pennsylvania,PA,0,200,,0.171,-0.432,,,,
2017-02-02 23:34:42,MS05604248,4248,"HAYWARD, Monroe Leland",56,Senate,(NE),Nebraska,NE,0,200,,,,,,,
2017-02-02 23:34:42,MS05601746,1746,"CLAPP, Moses Edwin",56,Senate,(MN),Minnesota,MN,0,200,,0.232,0.882,,,,
2017-02-02 23:34:42,MS05609429,9429,"TOWNE, Charles Arnette",56,Senate,(MN),Minnesota,MN,0,100,,-0.017,0.228,,,,
2017-02-02 23:34:42,MS05602648,2648,"DOLLIVER, Jonathan Prentiss",56,Senate,(IA),Iowa,IA,0,200,,0.312,0.547,,,,
2017-02-02 23:34:42,MS05607227,7227,"PASCO, Samuel",56,Senate,(FL),Florida,FL,0,100,,-0.516,-0.14,,,,
2017-02-02 23:34:42,MS05609842,9842,"WARREN, Francis Emroy",56,Senate,(WY),Wyoming,WY,0,200,,0.48,-0.29,0.683,16,106,-40.44075
2017-02-02 23:34:42,MS05601757,1757,"CLARK, Clarence Don",56,Senate,(WY),Wyoming,WY,0,200,,0.427,0.016,0.747,13,120,-34.92816
2017-02-02 23:34:42,MS05607665,7665,"QUARLES, Joseph Very",56,Senate,(WI),Wisconsin,WI,0,200,,0.494,-0.225,0.856,9,133,-20.65742
2017-02-02 23:34:42,MS05608800,8800,"SPOONER, John Coit",56,Senate,(WI),Wisconsin,WI,0,200,,0.288,-0.373,0.831,10,134,-24.73391
2017-02-02 23:34:42,MS05602899,2899,"ELKINS, Stephen Benton",56,Senate,(WV),West Virginia,WV,0,200,,0.402,-0.3,0.761,10,100,-27.30634
2017-02-02 23:34:42,MS05608309,8309,"SCOTT, Nathan Bay",56,Senate,(WV),West Virginia,WV,0,200,,0.437,-0.453,0.784,11,118,-28.75116
2017-02-02 23:34:42,MS05603300,3300,"FOSTER, Addison Gardner",56,Senate,(WA),Washington,WA,0,200,,0.461,0.235,0.799,11,135,-30.33378
2017-02-02 23:34:42,MS05609515,9515,"TURNER, George",56,Senate,(WA),Washington,WA,0,354,,-0.151,0.825,0.704,15,99,-34.6884
2017-02-02 23:34:42,MS05606040,6040,"MARTIN, Thomas Staples",56,Senate,(VA),Virginia,VA,0,100,,-0.357,-0.485,0.757,13,108,-30.04265
2017-02-02 23:34:42,MS05602325,2325,"DANIEL, John Warwick",56,Senate,(VA),Virginia,VA,0,100,,-0.457,0.018,0.739,10,91,-27.51025
2017-02-02 23:34:42,MS05602597,2597,"DILLINGHAM, William Paul",56,Senate,(VT),Vermont,VT,0,200,,0.602,-0.499,0.831,7,67,-12.38592
2017-02-02 23:34:42,MS05608072,8072,"ROSS, Jonathan",56,Senate,(VT),Vermont,VT,0,200,,0.297,-0.955,0.832,6,81,-14.90871
2017-02-02 23:34:42,MS05607632,7632,"PROCTOR, Redfield",56,Senate,(VT),Vermont,VT,0,200,,0.44,-0.592,0.785,12,114,-27.59691
2017-02-02 23:34:42,MS05605114,5114,"KEARNS, Thomas",56,Senate,(UT),Utah,UT,0,200,,0.678,-0.019,0.863,1,44,-6.4893
2017-02-02 23:34:42,MS05607745,7745,"RAWLINS, Joseph Lafayette",56,Senate,(UT),Utah,UT,0,100,,-0.36,0.553,0.817,11,98,-19.81457
2017-02-02 23:34:42,MS05602229,2229,"CULBERSON, Charles Allen",56,Senate,(TX),Texas,TX,0,100,,-0.453,-0.249,0.818,10,116,-23.26842
2017-02-02 23:34:42,MS05601694,1694,"CHILTON, Horace",56,Senate,(TX),Texas,TX,0,100,,-0.539,0.131,0.803,11,76,-16.68662
2017-02-02 23:34:42,MS05600508,508,"BATE, William Brimage",56,Senate,(TN),Tennessee,TN,0,100,,-0.615,0.235,0.837,12,157,-28.00724
2017-02-02 23:34:42,MS05609507,9507,"TURLEY, Thomas Battle",56,Senate,(TN),Tennessee,TN,0,100,,-0.706,0.13,0.871,7,141,-19.51741
2017-02-02 23:34:42,MS05607379,7379,"PETTIGREW, Richard Franklin",56,Senate,(SD),South Dakota,SD,0,354,,0.071,0.997,0.608,36,129,-64.25468
2017-02-02 23:34:42,MS05605386,5386,"KYLE, James Henderson",56,Senate,(SD),South Dakota,SD,0,340,,-0.108,0.481,0.332,65,98,-108.10149
2017-02-02 23:34:42,MS05606331,6331,"McLAURIN, John Lowndes",56,Senate,(SC),South Carolina,SC,0,100,,-0.261,0.13,0.492,29,84,-59.52298
2017-02-02 23:34:42,MS05609386,9386,"TILLMAN, Benjamin Ryan",56,Senate,(SC),South Carolina,SC,0,100,,-0.364,-0.144,0.756,20,139,-38.79254
2017-02-02 23:34:42,MS05600071,71,"ALDRICH, Nelson Wilmarth",56,Senate,(RI),Rhode Island,RI,0,200,,0.401,-0.811,0.912,1,115,-10.53226
2017-02-02 23:34:42,MS05609970,9970,"WETMORE, George Peabody",56,Senate,(RI),Rhode Island,RI,0,200,,0.494,-0.869,0.879,4,117,-15.11052
2017-02-02 23:34:42,MS05607332,7332,"PENROSE, Boies",56,Senate,(PA),Pennsylvania,PA,0,200,,0.619,-0.359,0.672,17,93,-36.94816
2017-02-02 23:34:42,MS05606126,6126,"McBRIDE, George Wycliffe",56,Senate,(OR),Oregon,OR,0,200,,0.48,-0.191,0.814,10,79,-16.28995
2017-02-02 23:34:42,MS05608521,8521,"SIMON, Joseph",56,Senate,(OR),Oregon,OR,0,200,,0.369,-0.064,0.769,11,114,-29.88612
2017-02-02 23:34:42,MS05604039,4039,"HANNA, Marcus Alonzo (Mark)",56,Senate,(OH),Ohio,OH,0,200,,0.607,-0.596,0.885,7,122,-14.95983
2017-02-02 23:34:42,MS05603262,3262,"FORAKER, Joseph Benson",56,Senate,(OH),Ohio,OH,0,200,,0.353,-0.245,0.8,11,136,-30.30115
2017-02-02 23:34:42,MS05606208,6208,"McCUMBER, Porter James",56,Senate,(ND),North Dakota,ND,0,200,,0.318,-0.069,0.771,14,106,-27.53976
2017-02-02 23:34:42,MS05604042,4042,"HANSBROUGH, Henry Clay",56,Senate,(ND),North Dakota,ND,0,200,,0.372,0.22,0.753,22,146,-41.4397
2017-02-02 23:34:42,MS05607631,7631,"PRITCHARD, Jeter Connelly",56,Senate,(NC),North Carolina,NC,0,200,,0.45,0.132,0.819,7,103,-20.52148
2017-02-02 23:34:42,MS05601343,1343,"BUTLER, Marion",56,Senate,(NC),North Carolina,NC,0,340,,-0.221,0.975,0.799,12,120,-26.98439
2017-02-02 23:34:42,MS05602520,2520,"DEPEW, Chauncey Mitchell",56,Senate,(NY),New York,NY,0,200,,0.639,-0.363,0.891,4,77,-8.84407
2017-02-02 23:34:42,MS05607483,7483,"PLATT, Thomas Collier",56,Senate,(NY),New York,NY,0,200,,0.469,-0.244,0.863,4,78,-11.50604
2017-02-02 23:34:42,MS05608379,8379,"SEWELL, William Joyce",56,Senate,(NJ),New Jersey,NJ,0,200,,0.26,-0.499,0.819,7,129,-25.71409
2017-02-02 23:34:42,MS05605108,5108,"KEAN, John",56,Senate,(NJ),New Jersey,NJ,0,200,,0.466,-0.885,0.881,5,152,-19.263
2017-02-02 23:34:42,MS05601641,1641,"CHANDLER, William Eaton",56,Senate,(NH),New Hampshire,NH,0,200,,0.291,-0.096,0.569,34,126,-71.06073
2017-02-02 23:34:42,MS05603439,3439,"GALLINGER, Jacob Harold",56,Senate,(NH),New Hampshire,NH,0,200,,0.553,-0.306,0.68,27,137,-52.74156
2017-02-02 23:34:42,MS05605046,5046,"JONES, John Percival",56,Senate,(NV),Nevada,NV,0,1060,,0.204,0.232,0.543,25,70,-42.72524
2017-02-02 23:34:42,MS05608948,8948,"STEWART, William Morris",56,Senate,(NV),Nevada,NV,0,1060,,0.252,0.215,0.636,31,150,-67.84909
2017-02-02 23:34:42,MS05600134,134,"ALLEN, William Vincent",56,Senate,(NE),Nebraska,NE,0,340,,-0.214,0.977,0.754,12,98,-27.62133
2017-02-02 23:34:42,MS05609371,9371,"THURSTON, John Mellen",56,Senate,(NE),Nebraska,NE,0,200,,0.34,0.069,0.76,17,131,-35.94064
2017-02-02 23:34:42,MS05601785,1785,"CLARK, William Andrews",56,Senate,(MT),Montana,MT,0,100,,-0.235,-0.62,0.703,3,30,-10.57551
2017-02-02 23:34:42,MS05601550,1550,"CARTER, Thomas Henry",56,Senate,(MT),Montana,MT,0,200,,0.376,0.101,0.764,18,140,-37.74588
2017-02-02 23:34:42,MS05609665,9665,"VEST, George Graham",56,Senate,(MO),Missouri,MO,0,100,,-0.583,0.21,0.714,16,110,-37.05371
2017-02-02 23:34:42,MS05601892,1892,"COCKRELL, Francis Marion",56,Senate,(MO),Missouri,MO,0,100,,-0.513,0.289,0.795,14,116,-26.62153
2017-02-02 23:34:42,MS05606592,6592,"MONEY, Hernando De Soto",56,Senate,(MS),Mississippi,MS,0,100,,-0.435,-0.222,0.765,11,95,-25.49099
2017-02-02 23:34:42,MS05609077,9077,"SULLIVAN, William Van Amberg",56,Senate,(MS),Mississippi,MS,0,100,,-0.202,0.203,0.644,19,73,-32.11925
2017-02-02 23:34:42,MS05602377,2377,"DAVIS, Cushman Kellogg",56,Senate,(MN),Minnesota,MN,0,200,,0.293,-0.18,0.635,12,60,-27.25193
2017-02-02 23:34:42,MS05606870,6870,"NELSON, Knute",56,Senate,(MN),Minnesota,MN,0,200,,0.259,0.057,0.699,19,132,-47.25335
2017-02-02 23:34:42,MS05601310,1310,"BURROWS, Julius Caesar",56,Senate,(MI),Michigan,MI,0,200,,0.448,-0.129,0.854,7,116,-18.24246
2017-02-02 23:34:42,MS05606352,6352,"McMILLAN, James",56,Senate,(MI),Michigan,MI,0,200,,0.312,-0.576,0.836,10,134,-24.04223
2017-02-02 23:34:42,MS05605738,5738,"LODGE, Henry Cabot",56,Senate,(MA),Massachusetts,MA,0,200,,0.568,-0.448,0.835,11,156,-28.04715
2017-02-02 23:34:42,MS05604462,4462,"HOAR, George Frisbie",56,Senate,(MA),Massachusetts,MA,0,200,,0.329,-0.394,0.517,25,112,-73.95062
2017-02-02 23:34:42,MS05606165,6165,"McCOMAS, Louis Emory",56,Senate,(MD),Maryland,MD,0,200,,0.326,0.054,0.792,11,143,-33.31407
2017-02-02 23:34:42,MS05609939,9939,"WELLINGTON, George Louis",56,Senate,(MD),Maryland,MD,0,200,,0.148,-0.495,0.437,34,75,-62.16427
2017-02-02 23:34:42,MS05603917,3917,"HALE, Eugene",56,Senate,(ME),Maine,ME,0,200,,0.284,-0.457,0.634,26,105,-47.80119
2017-02-02 23:34:42,MS05603385,3385,"FRYE, William Pierce",56,Senate,(ME),Maine,ME,0,200,,0.387,-0.432,0.794,14,139,-32.02834
2017-02-02 23:34:42,MS05601391,1391,"CAFFERY, Donelson",56,Senate,(LA),Louisiana,LA,0,100,,-0.342,-0.94,0.633,23,90,-41.21196
2017-02-02 23:34:42,MS05606235,6235,"McENERY, Samuel Douglas",56,Senate,(LA),Louisiana,LA,0,100,,-0.052,-0.559,0.576,26,86,-47.40797
2017-02-02 23:34:42,MS05602455,2455,"DEBOE, William Joseph",56,Senate,(KY),Kentucky,KY,0,200,,0.494,-0.372,0.865,5,115,-16.67465
2017-02-02 23:34:42,MS05605679,5679,"LINDSAY, William",56,Senate,(KY),Kentucky,KY,0,100,,-0.498,-0.802,0.532,43,109,-68.75867
2017-02-02 23:34:42,MS05600369,369,"BAKER, Lucien",56,Senate,(KS),Kansas,KS,0,200,,0.542,0.169,0.835,2,64,-11.51793
2017-02-02 23:34:42,MS05604119,4119,"HARRIS, William Alexander",56,Senate,(KS),Kansas,KS,0,340,,-0.162,0.776,0.777,12,131,-33.0943
2017-02-02 23:34:42,MS05603517,3517,"GEAR, John Henry",56,Senate,(IA),Iowa,IA,0,200,,0.576,-0.176,0.868,5,48,-6.81492
2017-02-02 23:34:42,MS05600141,141,"ALLISON, William Boyd",56,Senate,(IA),Iowa,IA,0,200,,0.314,-0.187,0.835,9,151,-27.28156
2017-02-02 23:34:42,MS05603046,3046,"FAIRBANKS, Charles Warren",56,Senate,(IN),Indiana,IN,0,200,,0.457,-0.505,0.857,10,151,-23.35194
2017-02-02 23:34:42,MS05600683,683,"BEVERIDGE, Albert Jeremiah",56,Senate,(IN),Indiana,IN,0,200,,0.385,0.923,0.698,13,73,-26.27021
2017-02-02 23:34:42,MS05602239,2239,"CULLOM, Shelby Moore",56,Senate,(IL),Illinois,IL,0,200,,0.286,-0.442,0.789,10,117,-27.68229
2017-02-02 23:34:42,MS05606065,6065,"MASON, William Ernest",56,Senate,(IL),Illinois,IL,0,200,,0.307,-0.132,0.454,27,70,-55.23414
2017-02-02 23:34:42,MS05608489,8489,"SHOUP, George Laird",56,Senate,(ID),Idaho,ID,0,200,,0.422,0.271,0.833,9,149,-27.21019
2017-02-02 23:34:42,MS05604288,4288,"HEITFELD, Henry",56,Senate,(ID),Idaho,ID,0,340,,-0.25,0.968,0.854,6,107,-16.94509
2017-02-02 23:34:42,MS05601806,1806,"CLAY, Alexander Stephens",56,Senate,(GA),Georgia,GA,0,100,,-0.395,0.107,0.786,18,155,-37.42171
2017-02-02 23:34:42,MS05600322,322,"BACON, Augustus Octavius",56,Senate,(GA),Georgia,GA,0,100,,-0.39,-0.187,0.805,8,129,-28.04959
2017-02-02 23:34:42,MS05609166,9166,"TALIAFERRO, James Piper",56,Senate,(FL),Florida,FL,0,100,,-0.477,-0.393,0.786,7,110,-26.5208
2017-02-02 23:34:42,MS05605943,5943,"MALLORY, Stephen Russell",56,Senate,(FL),Florida,FL,0,100,,-0.399,0.035,0.776,11,94,-23.78008
2017-02-02 23:34:42,MS05605190,5190,"KENNEY, Richard Rolland",56,Senate,(DE),Delaware,DE,0,100,,-0.505,-0.267,0.684,16,100,-37.92978
2017-02-02 23:34:42,MS05607482,7482,"PLATT, Orville Hitchcock",56,Senate,(CT),Connecticut,CT,0,200,,0.433,-0.901,0.874,8,149,-20.10329
2017-02-02 23:34:42,MS05604220,4220,"HAWLEY, Joseph Roswell",56,Senate,(CT),Connecticut,CT,0,200,,0.304,-0.753,0.827,14,160,-30.4054
2017-02-02 23:34:42,MS05609246,9246,"TELLER, Henry Moore",56,Senate,(CO),Colorado,CO,0,354,,0.161,0.485,0.453,78,150,-118.80833
2017-02-02 23:34:42,MS05610302,10302,"WOLCOTT, Edward Oliver",56,Senate,(CO),Colorado,CO,0,200,,0.185,0.161,0.631,13,81,-37.32454
2017-02-02 23:34:42,MS05600430,430,"BARD, Thomas Robert",56,Senate,(CA),California,CA,0,200,,0.279,0.264,0.672,29,129,-51.34589
2017-02-02 23:34:42,MS05607345,7345,"PERKINS, George Clement",56,Senate,(CA),California,CA,0,200,,0.308,-0.021,0.748,20,157,-45.59406
2017-02-02 23:34:42,MS05600674,674,"BERRY, James Henderson",56,Senate,(AR),Arkansas,AR,0,100,,-0.65,0.358,0.837,9,156,-27.76691
2017-02-02 23:34:42,MS05605042,5042,"JONES, James Kimbrough",56,Senate,(AR),Arkansas,AR,0,100,,-0.531,0.149,0.841,12,148,-25.71057
2017-02-02 23:34:42,MS05606682,6682,"MORGAN, John Tyler",56,Senate,(AL),Alabama,AL,0,100,,-0.43,-0.22,0.609,28,116,-57.52818
2017-02-02 23:34:42,MS05607385,7385,"PETTUS, Edmund Winston",56,Senate,(AL),Alabama,AL,0,100,,-0.424,-0.261,0.7,25,150,-53.42446
2017-02-02 23:34:42,MP05699892,99892,"McKINLEY, William, Jr.",56,President,(POTUS),President,USA,0,200,,0.232,0.372,0.742,2,12,-3.58535
